%YAML:1.0
M1: !!opencv-matrix
   rows: 3
   cols: 3
   dt: d
   data: [ 1., 0., -7.9556873478580337e-27, 0., 1.,
       -6.4250064795325984e-27, 0., 0., 1. ]
D1: !!opencv-matrix
   rows: 1
   cols: 8
   dt: d
   data: [ -5.6889922643028781e-19, -6.6956113982909857e-14, 0., 0., 0.,
       0., 0., -2.6732715848002297e-19 ]
M2: !!opencv-matrix
   rows: 3
   cols: 3
   dt: d
   data: [ 1., 0., 1.3090904242480704e-27, 0., 1.,
       1.0379996213894497e-27, 0., 0., 1. ]
D2: !!opencv-matrix
   rows: 1
   cols: 8
   dt: d
   data: [ 1.0238806943504643e-19, 1.2827869181892153e-14, 0., 0., 0.,
       0., 0., 3.0099469155064229e-21 ]
R: !!opencv-matrix
   rows: 3
   cols: 3
   dt: d
   data: [ 9.9999102481310354e-01, 4.2367658219218353e-03,
       1.0421571396163006e-05, -4.2367658320074603e-03,
       9.9999102486691849e-01, 9.4587773258875929e-07,
       -1.0417470398723636e-05, -9.9002300076664089e-07,
       9.9999999994524813e-01 ]
T: !!opencv-matrix
   rows: 3
   cols: 1
   dt: d
   data: [ 3.7556682038479096e+01, 2.3394254050033283e+01,
       3.9145433402746344e-02 ]
R1: !!opencv-matrix
   rows: 3
   cols: 3
   dt: d
   data: [ -5.6027436506872648e-02, 4.1480611107007364e-04,
       -3.0834257430016381e+00, 5.2138531155687499e-03,
       -6.1612822677769290e-02, -2.4810023600444620e+00,
       1.7968802046558442e-05, 1.2125484589739846e-06,
       -6.8396558587309281e-02 ]
R2: !!opencv-matrix
   rows: 3
   cols: 3
   dt: d
   data: [ 9.2122048705124682e-01, 1.2252902855216664e-02,
       2.2268747458348969e+01, -7.2317853853684458e-02,
       9.9912657068461086e-01, 2.3351336268872416e+01,
       -2.4590959376442982e-04, -3.2707765468895128e-06,
       1.0794760563758710e+00 ]
P1: !!opencv-matrix
   rows: 3
   cols: 3
   dt: d
   data: [ 1., 0., -7.9556873478580337e-27, 0., 1.,
       -6.4250064795325984e-27, 0., 0., 1. ]
P2: !!opencv-matrix
   rows: 3
   cols: 3
   dt: d
   data: [ 1., 0., 1.3090904242480704e-27, 0., 1.,
       1.0379996213894497e-27, 0., 0., 1. ]
Q: !!opencv-matrix
   rows: 4
   cols: 4
   dt: d
   data: [ 1., 0., 0., 6.6896020235495234e+02, 0., 1., 0.,
       -2.6719063467358865e+02, 0., 0., 0., 3.4087952649705133e-01, 0.,
       0., -2.2600402219849589e-02, 0. ]
vroi: !!opencv-matrix
   rows: 2
   cols: 4
   dt: i
   data: [ 50, 50, 590, 430, 50, 50, 590, 430 ]
