<?xml version="1.0"?>
<opencv_storage>
<aperture_Width>0.</aperture_Width>
<aperture_Height>0.</aperture_Height>
<fov_x>5.9878257697476315e+01</fov_x>
<fov_y>4.6723952210158309e+01</fov_y>
<focal_Length>5.5561864047201391e+02</focal_Length>
<principal_Point>
  3.2306778040495578e+02 2.2461567099738139e+02</principal_Point>
<aspect_Ratio>1.</aspect_Ratio>
</opencv_storage>
