%YAML:1.0
M1: !!opencv-matrix
   rows: 3
   cols: 3
   dt: d
   data: [ 6.4976641883288232e+02, 0., 3.0003476744637226e+02, 0.,
       6.4623378431244896e+02, 2.0859012204439296e+02, 0., 0., 1. ]
D1: !!opencv-matrix
   rows: 8
   cols: 1
   dt: d
   data: [ 2.2448605938926885e-01, -1.8991859294444211e+00, 0., 0.,
       1.2616679916972138e+00, 0., 0., -2.9219640696732103e+00 ]
M2: !!opencv-matrix
   rows: 3
   cols: 3
   dt: d
   data: [ 6.3432654296365308e+02, 0., 3.5418445687755008e+02, 0.,
       6.3438103552421160e+02, 1.9982927624535688e+02, 0., 0., 1. ]
D2: !!opencv-matrix
   rows: 8
   cols: 1
   dt: d
   data: [ -1.7824212703818967e-01, 3.7192994587848860e-01, 0., 0.,
       1.1994637139322528e+00, 0., 0., 1.4111695440738563e+00 ]
R: !!opencv-matrix
   rows: 3
   cols: 3
   dt: d
   data: [ 9.9998111232846842e-01, 5.0766914754849625e-03,
       -3.4644176973533071e-03, -5.0891997166070358e-03,
       9.9998052917967251e-01, -3.6112750915149160e-03,
       3.4460169128260731e-03, 3.6288379965007415e-03,
       9.9998747817271771e-01 ]
T: !!opencv-matrix
   rows: 3
   cols: 1
   dt: d
   data: [ -3.0438213030605192e+02, 6.1053129647660825e+01,
       -4.4140163456451425e+01 ]
R1: !!opencv-matrix
   rows: 3
   cols: 3
   dt: d
   data: [ 9.7216579895029265e-01, -1.8926255694797456e-01,
       1.3810627751428997e-01, 1.8951059251451405e-01,
       9.8181164696087564e-01, 1.1472803352748057e-02,
       -1.3776572387984315e-01, 1.5019135444083077e-02,
       9.9035096349444485e-01 ]
R2: !!opencv-matrix
   rows: 3
   cols: 3
   dt: d
   data: [ 9.7070815156058932e-01, -1.9470515751920139e-01,
       1.4076784479861551e-01, 1.9445162133636265e-01,
       9.8078664158000839e-01, 1.5688551809138331e-02,
       -1.4111786369373638e-01, 1.2143530525805026e-02,
       9.8991832148560877e-01 ]
P1: !!opencv-matrix
   rows: 3
   cols: 4
   dt: d
   data: [ 4.7439288417744672e+02, 0., 2.3148601341247559e+02, 0., 0.,
       4.7439288417744672e+02, 2.0028608322143555e+02, 0., 0., 0., 1.,
       0. ]
P2: !!opencv-matrix
   rows: 3
   cols: 4
   dt: d
   data: [ 4.7439288417744672e+02, 0., 2.3148601341247559e+02,
       -1.4875399619939268e+05, 0., 4.7439288417744672e+02,
       2.0028608322143555e+02, 0., 0., 0., 1., 0. ]
Q: !!opencv-matrix
   rows: 4
   cols: 4
   dt: d
   data: [ 1., 0., 0., -2.3148601341247559e+02, 0., 1., 0.,
       -2.0028608322143555e+02, 0., 0., 0., 4.7439288417744672e+02, 0.,
       0., 3.1891101839143974e-03, 0. ]
vroi: !!opencv-matrix
   rows: 2
   cols: 4
   dt: i
   data: [ 121, 97, 384, 248, 76, 92, 411, 261 ]
