<?xml version="1.0"?>
<opencv_storage>
<aperture_Width>0.</aperture_Width>
<aperture_Height>0.</aperture_Height>
<fov_x>5.6251728194659535e+01</fov_x>
<fov_y>4.3691490767567707e+01</fov_y>
<focal_Length>5.9865617453355719e+02</focal_Length>
<principal_Point>
  3.1806821136101752e+02 2.2935213433466041e+02</principal_Point>
<aspect_Ratio>1.</aspect_Ratio>
</opencv_storage>
