%YAML:1.0
M1: !!opencv-matrix
   rows: 3
   cols: 3
   dt: d
   data: [ 1., 0., 5.0832222749638799e-27, 0., 1.,
       4.1624473995007326e-27, 0., 0., 1. ]
D1: !!opencv-matrix
   rows: 1
   cols: 8
   dt: d
   data: [ 5.1649070248826228e-19, 7.6088815056522502e-14, 0., 0., 0.,
       0., 0., 2.4860411867317668e-19 ]
M2: !!opencv-matrix
   rows: 3
   cols: 3
   dt: d
   data: [ 1., 0., 3.1638751999980096e-26, 0., 1.,
       2.5948004269466358e-26, 0., 0., 1. ]
D2: !!opencv-matrix
   rows: 1
   cols: 8
   dt: d
   data: [ 3.3943767600407830e-18, 5.1766913691696970e-13, 0., 0., 0.,
       0., 0., 1.3914573662204976e-18 ]
R: !!opencv-matrix
   rows: 3
   cols: 3
   dt: d
   data: [ 9.9994525675827539e-01, 1.0463332985338738e-02,
       4.6362318824277933e-05, -1.0463330220874230e-02,
       9.9994525609331475e-01, -5.9474062952399356e-05,
       -4.6982077694484234e-05, 5.8985702897731107e-05,
       9.9999999715668564e-01 ]
T: !!opencv-matrix
   rows: 3
   cols: 1
   dt: d
   data: [ 5.2714675114422789e+01, 1.4612532769088966e+02,
       -1.0245925859866212e-01 ]
R1: !!opencv-matrix
   rows: 3
   cols: 3
   dt: d
   data: [ 9.4416162243232193e-01, -3.2948263773812064e-01,
       1.4884588012749187e-04, 3.2948265905873542e-01,
       9.4416136739835355e-01, -6.9978000561796475e-04,
       9.0030832374619416e-05, 7.0974756182430045e-04,
       9.9999974407639114e-01 ]
R2: !!opencv-matrix
   rows: 3
   cols: 3
   dt: d
   data: [ 9.4066245631369705e-01, -3.3934368426119910e-01,
       8.5052440023440575e-05, 3.3934366444544267e-01,
       9.4066223607153832e-01, -6.5956776161028548e-04,
       1.4381453582895621e-04, 6.4929263740923844e-04,
       9.9999977886820068e-01 ]
P1: !!opencv-matrix
   rows: 3
   cols: 4
   dt: d
   data: [ -2.1590051380977090e+05, 0., 4.6286573736640094e+01, 0., 0.,
       -2.1590051380977090e+05, -1.4087027342560759e+02, 0., 0., 0., 1.,
       0. ]
P2: !!opencv-matrix
   rows: 3
   cols: 4
   dt: d
   data: [ -2.1590051380977090e+05, 0., 4.6286573736640094e+01, 0., 0.,
       -2.1590051380977090e+05, -1.4087027342560759e+02,
       -3.3538641309594281e+07, 0., 0., 1., 0. ]
Q: !!opencv-matrix
   rows: 4
   cols: 4
   dt: d
   data: [ 1., 0., 0., -4.6286573736640094e+01, 0., 1., 0.,
       1.4087027342560759e+02, 0., 0., 0., -2.1590051380977090e+05, 0.,
       0., -6.4373661358788853e-03, 0. ]
vroi: !!opencv-matrix
   rows: 2
   cols: 4
   dt: i
   data: [ 0, 0, 0, 0, 0, 0, 0, 0 ]
