%YAML:1.0
R: !!opencv-matrix
   rows: 3
   cols: 3
   dt: d
   data: [ 9.9988589280400908e-01, 1.7589826859211444e-03,
       1.5003577954613902e-02, -2.1809338195182765e-03,
       9.9960123159617376e-01, 2.8153531201031267e-02,
       -1.4948073427851098e-02, -2.8183040491103675e-02,
       9.9949100612735498e-01 ]
T: !!opencv-matrix
   rows: 3
   cols: 1
   dt: d
   data: [ -5.9682481120379251e-02, -2.0544943654796692e-02,
       1.4720052285455004e-01 ]
R1: !!opencv-matrix
   rows: 3
   cols: 3
   dt: d
   data: [ 3.8605263232231357e-01, 1.5478192682978129e-01,
       -9.0939865856722746e-01, -1.4328026173969258e-01,
       9.8391993367994579e-01, 1.0664113044719763e-01,
       9.1128158747602150e-01, 8.9129788702269744e-02,
       4.0202207538028423e-01 ]
R2: !!opencv-matrix
   rows: 3
   cols: 3
   dt: d
   data: [ 3.7263660600268905e-01, 1.2827546593778852e-01,
       -9.1906874862832755e-01, -1.3993321578927673e-01,
       9.8684238666035484e-01, 8.0998759307573109e-02,
       9.1736615099188634e-01, 9.8425142768185467e-02,
       3.8568359608025060e-01 ]
P1: !!opencv-matrix
   rows: 3
   cols: 4
   dt: d
   data: [ -6.2961665725212512e-01, 0., -6.6338045120239258e+01, 0., 0.,
       -6.2961665725212512e-01, 4.3313040065765381e+02, 0., 0., 0., 1.,
       0. ]
P2: !!opencv-matrix
   rows: 3
   cols: 4
   dt: d
   data: [ -6.2961665725212512e-01, 0., -6.6338045120239258e+01,
       1.0084109734311802e-01, 0., -6.2961665725212512e-01,
       4.3313040065765381e+02, 0., 0., 0., 1., 0. ]
Q: !!opencv-matrix
   rows: 4
   cols: 4
   dt: d
   data: [ 1., 0., 0., 6.6338045120239258e+01, 0., 1., 0.,
       -4.3313040065765381e+02, 0., 0., 0., -6.2961665725212512e-01, 0.,
       0., 6.2436513865950491e+00, 0. ]
