%YAML:1.0
R: !!opencv-matrix
   rows: 3
   cols: 3
   dt: d
   data: [ 9.9956299366964052e-01, 2.7668966648235545e-02,
       1.0404324620317160e-02, -2.7885957608550040e-02,
       9.9938364711769434e-01, 2.1323677965819562e-02,
       -9.8079077503950268e-03, -2.1604493938869700e-02,
       9.9971848576847122e-01 ]
T: !!opencv-matrix
   rows: 3
   cols: 1
   dt: d
   data: [ -7.3576804726584386e-02, -4.1641336251719160e-02,
       2.3998489206340184e-01 ]
R1: !!opencv-matrix
   rows: 3
   cols: 3
   dt: d
   data: [ 2.9373076743506576e-01, 1.9193521978215392e-01,
       -9.3642036910203075e-01, -1.9200128326064092e-01,
       9.7151508439909440e-01, 1.3890265660269951e-01,
       9.3640682584455470e-01, 1.3899392861631257e-01,
       3.2221567981637544e-01 ]
R2: !!opencv-matrix
   rows: 3
   cols: 3
   dt: d
   data: [ 2.8917023292383565e-01, 1.6365802983584371e-01,
       -9.4318430100432893e-01, -1.6359137068600890e-01,
       9.7923234344040644e-01, 1.1975759264982938e-01,
       9.4319586503962538e-01, 1.1966648164987437e-01,
       3.0993788626383323e-01 ]
P1: !!opencv-matrix
   rows: 3
   cols: 4
   dt: d
   data: [ -1.4098090948145449e+01, 0., -1.2453849678039551e+03, 0., 0.,
       -1.4098090948145449e+01, 8.2882883262634277e+02, 0., 0., 0., 1.,
       0. ]
P2: !!opencv-matrix
   rows: 3
   cols: 4
   dt: d
   data: [ -1.4098090948145449e+01, 0., -1.2453849678039551e+03,
       3.5871343817831205e+00, 0., -1.4098090948145449e+01,
       8.2882883262634277e+02, 0., 0., 0., 1., 0. ]
Q: !!opencv-matrix
   rows: 4
   cols: 4
   dt: d
   data: [ 1., 0., 0., 1.2453849678039551e+03, 0., 1., 0.,
       -8.2882883262634277e+02, 0., 0., 0., -1.4098090948145449e+01, 0.,
       0., 3.9301819914361453e+00, 0. ]
