%YAML:1.0
R: !!opencv-matrix
   rows: 3
   cols: 3
   dt: d
   data: [ 9.9974965338483601e-01, 1.7642905265382827e-02,
       1.3760757635283363e-02, -1.8468591640388277e-02,
       9.9788137278984901e-01, 6.2383306756431431e-02,
       -1.2630980948479916e-02, -6.2621831120170626e-02,
       9.9795739617853219e-01 ]
T: !!opencv-matrix
   rows: 3
   cols: 1
   dt: d
   data: [ -1.2075217033165455e+00, -2.0132439346397142e+00,
       6.8703608118519224e+00 ]
R1: !!opencv-matrix
   rows: 3
   cols: 3
   dt: d
   data: [ 9.7864459408323079e-01, -1.6486774504269458e-01,
       1.2277371508676377e-01, 1.7310623187876509e-01,
       3.3889650303744684e-01, -9.2476126255035429e-01,
       1.1085572135169205e-01, 9.2626550560491416e-01,
       3.6019886475399832e-01 ]
R2: !!opencv-matrix
   rows: 3
   cols: 3
   dt: d
   data: [ 9.7718030705184022e-01, -1.7493360879128311e-01,
       1.2048601589118062e-01, 1.6631659861295575e-01,
       2.7729181385956925e-01, -9.4628116275887431e-01,
       1.3212659284144301e-01, 9.4472614152553680e-01,
       3.0005846260751123e-01 ]
P1: !!opencv-matrix
   rows: 3
   cols: 4
   dt: d
   data: [ -3.2808098244802597e+00, 0., -2.2862808227539062e+02, 0., 0.,
       -3.2808098244802597e+00, -1.0709476032257080e+03, 0., 0., 0., 1.,
       0. ]
P2: !!opencv-matrix
   rows: 3
   cols: 4
   dt: d
   data: [ -3.2808098244802597e+00, 0., -2.2862808227539062e+02, 0., 0.,
       -3.2808098244802597e+00, -1.0709476032257080e+03,
       2.3819925975839762e+01, 0., 0., 1., 0. ]
Q: !!opencv-matrix
   rows: 4
   cols: 4
   dt: d
   data: [ 1., 0., 0., 2.2862808227539062e+02, 0., 1., 0.,
       1.0709476032257080e+03, 0., 0., 0., -3.2808098244802597e+00, 0.,
       0., 1.3773383795600130e-01, 0. ]
