%YAML:1.0
R: !!opencv-matrix
   rows: 3
   cols: 3
   dt: d
   data: [ 9.9992478122890116e-01, 1.1724893746192448e-02,
       3.5998265200737163e-03, -1.1529990795446119e-02,
       9.9867867427986123e-01, -5.0079585170763878e-02,
       -4.1822477916853033e-03, 5.0034312279268543e-02,
       9.9873874281423047e-01 ]
T: !!opencv-matrix
   rows: 3
   cols: 1
   dt: d
   data: [ -1.3473141983376602e+00, 6.5849770986280498e-01,
       4.2243429757749089e+00 ]
R1: !!opencv-matrix
   rows: 3
   cols: 3
   dt: d
   data: [ 3.0617592223938772e-01, -1.9033315164963507e-01,
       -9.3275377030810080e-01, 1.6326202692616856e-01,
       9.7579103520598898e-01, -1.4552445215695917e-01,
       9.3787089474235164e-01, -1.0772718781598778e-01,
       3.2983789624668580e-01 ]
R2: !!opencv-matrix
   rows: 3
   cols: 3
   dt: d
   data: [ 3.0056350432425349e-01, -1.4689994324268082e-01,
       -9.4238101983413347e-01, 1.7416692998121866e-01,
       9.7990709194220882e-01, -9.7200677272746061e-02,
       9.3772461862171541e-01, -1.3491663291329359e-01,
       3.2010942159533179e-01 ]
P1: !!opencv-matrix
   rows: 3
   cols: 4
   dt: d
   data: [ -7.1053701527421307e+00, 0., -4.9232078170776367e+02, 0., 0.,
       -7.1053701527421307e+00, -7.7271652221679688e+01, 0., 0., 0., 1.,
       0. ]
P2: !!opencv-matrix
   rows: 3
   cols: 4
   dt: d
   data: [ -7.1053701527421307e+00, 0., -4.9232078170776367e+02,
       3.1850726896324666e+01, 0., -7.1053701527421307e+00,
       -7.7271652221679688e+01, 0., 0., 0., 1., 0. ]
Q: !!opencv-matrix
   rows: 4
   cols: 4
   dt: d
   data: [ 1., 0., 0., 4.9232078170776367e+02, 0., 1., 0.,
       7.7271652221679688e+01, 0., 0., 0., -7.1053701527421307e+00, 0.,
       0., 2.2308345350705439e-01, 0. ]
