%YAML:1.0
M1: !!opencv-matrix
   rows: 3
   cols: 3
   dt: d
   data: [ 6.0208877430734810e+02, 0., 3.1768565942903132e+02, 0.,
       6.0208877430734810e+02, 2.3418495868597350e+02, 0., 0., 1. ]
D1: !!opencv-matrix
   rows: 1
   cols: 8
   dt: d
   data: [ 6.4010405932666201e-02, 2.0236684719798012e-01, 0., 0., 0.,
       0., 0., 6.7700408264515721e-01 ]
M2: !!opencv-matrix
   rows: 3
   cols: 3
   dt: d
   data: [ 6.0208877430734810e+02, 0., 3.3031595511628370e+02, 0.,
       6.0208877430734810e+02, 2.3873900088677070e+02, 0., 0., 1. ]
D2: !!opencv-matrix
   rows: 1
   cols: 8
   dt: d
   data: [ -4.8846386747626158e-01, 2.2881729961736088e+00, 0., 0., 0.,
       0., 0., 7.3317357384855750e+00 ]
