%YAML:1.0
M1: !!opencv-matrix
   rows: 3
   cols: 3
   dt: d
   data: [ 5.3382888674739525e+02, 0., 3.1316154490559535e+02, 0.,
       5.3382888674739525e+02, 2.3700953860448791e+02, 0., 0., 1. ]
D1: !!opencv-matrix
   rows: 1
   cols: 8
   dt: d
   data: [ -2.0568191402390293e-01, 1.3222355103766714e+00, 0., 0., 0.,
       0., 0., 2.2557595838740445e+00 ]
M2: !!opencv-matrix
   rows: 3
   cols: 3
   dt: d
   data: [ 5.3382888674739525e+02, 0., 3.1899698583387635e+02, 0.,
       5.3382888674739525e+02, 2.4561152796434641e+02, 0., 0., 1. ]
D2: !!opencv-matrix
   rows: 1
   cols: 8
   dt: d
   data: [ 3.1209023315482988e-03, -1.7042357347366131e+00, 0., 0., 0.,
       0., 0., -3.8230541067481050e+00 ]
