%YAML:1.0
M1: !!opencv-matrix
   rows: 3
   cols: 3
   dt: d
   data: [ 5.9865617453355719e+02, 0., 3.1806821136101752e+02, 0.,
       5.9865617453355719e+02, 2.2935213433466041e+02, 0., 0., 1. ]
D1: !!opencv-matrix
   rows: 1
   cols: 8
   dt: d
   data: [ 9.2822080046090563e-02, 1.2594934481785752e-01, 0., 0., 0.,
       0., 0., 4.9002199940739027e-01 ]
M2: !!opencv-matrix
   rows: 3
   cols: 3
   dt: d
   data: [ 5.9865617453355719e+02, 0., 3.2850966968644434e+02, 0.,
       5.9865617453355719e+02, 2.2977707537357793e+02, 0., 0., 1. ]
D2: !!opencv-matrix
   rows: 1
   cols: 8
   dt: d
   data: [ -4.1478241370589947e-01, 1.1132171279848273e+00, 0., 0., 0.,
       0., 0., -9.7837261283207833e-01 ]
