%YAML:1.0
M1: !!opencv-matrix
   rows: 3
   cols: 3
   dt: d
   data: [ 5.5561864047201391e+02, 0., 3.2306778040495578e+02, 0.,
       5.5561864047201391e+02, 2.2461567099738139e+02, 0., 0., 1. ]
D1: !!opencv-matrix
   rows: 1
   cols: 8
   dt: d
   data: [ 2.1919752230199402e-01, -9.4638531831380734e-01, 0., 0., 0.,
       0., 0., -6.0127241770908790e-01 ]
M2: !!opencv-matrix
   rows: 3
   cols: 3
   dt: d
   data: [ 5.5561864047201391e+02, 0., 3.2646058545207359e+02, 0.,
       5.5561864047201391e+02, 2.2010845963816544e+02, 0., 0., 1. ]
D2: !!opencv-matrix
   rows: 1
   cols: 8
   dt: d
   data: [ -2.9875840182296443e-01, -6.0588293706584917e-01, 0., 0., 0.,
       0., 0., -9.0840940048963095e+00 ]
